- OS: Windows-10-10.0.19045-SP0 10.0.19045
- Python: 3.11.9
- Stable-Baselines3: 2.6.0
- PyTorch: 2.6.0+cu126
- GPU Enabled: True
- Numpy: 1.26.4
- Cloudpickle: 3.1.1
- Gymnasium: 1.1.1
- OpenAI Gym: 0.26.2
